0.999982 0.005895 -0.000837 -0.000134
0.999991 0.004160 -0.000854 -0.000276
0.999996 0.002564 -0.000837 -0.000411
0.999999 0.001037 -0.000837 -0.000584
0.999999 -0.000383 -0.000818 -0.000742
0.999998 -0.001644 -0.000816 -0.000891
0.999995 -0.002821 -0.000849 -0.001045
0.999991 -0.003909 -0.000857 -0.001205
0.999986 -0.004953 -0.000858 -0.001378
0.999981 -0.005888 -0.000850 -0.001541
0.999975 -0.006751 -0.000817 -0.001691
0.999969 -0.007632 -0.000830 -0.001862
0.999962 -0.008419 -0.000829 -0.002036
0.999956 -0.009127 -0.000830 -0.002205
0.999949 -0.009814 -0.000814 -0.002374
0.999942 -0.010437 -0.000842 -0.002540
0.999935 -0.011002 -0.000815 -0.002720
0.999929 -0.011553 -0.000797 -0.002896
0.999922 -0.012043 -0.000810 -0.003072
0.999917 -0.012473 -0.000794 -0.003241
0.999910 -0.012927 -0.000803 -0.003410
0.999905 -0.013311 -0.000837 -0.003580
0.999899 -0.013657 -0.000817 -0.003745
0.999894 -0.014003 -0.000832 -0.003932
0.999889 -0.014304 -0.000844 -0.004106
0.999884 -0.014608 -0.000814 -0.004294
0.999879 -0.014859 -0.000815 -0.004469
0.999875 -0.015102 -0.000839 -0.004652
0.999871 -0.015315 -0.000809 -0.004842
0.999866 -0.015541 -0.000828 -0.005025
0.999862 -0.015726 -0.000836 -0.005199
0.999859 -0.015895 -0.000809 -0.005372
0.999855 -0.016077 -0.000838 -0.005557
0.999851 -0.016245 -0.000831 -0.005739
0.999847 -0.016437 -0.000846 -0.005918
0.999844 -0.016572 -0.000828 -0.006111
0.999840 -0.016711 -0.000845 -0.006284
0.999837 -0.016843 -0.000853 -0.006448
0.999834 -0.016951 -0.000840 -0.006622
0.999831 -0.017052 -0.000841 -0.006818
0.999828 -0.017128 -0.000866 -0.006998
0.999825 -0.017231 -0.000889 -0.007173
0.999822 -0.017348 -0.000861 -0.007341
0.999820 -0.017421 -0.000817 -0.007509
0.999817 -0.017503 -0.000816 -0.007679
0.999815 -0.017549 -0.000819 -0.007865
0.999812 -0.017598 -0.000812 -0.008057
0.999810 -0.017633 -0.000823 -0.008225
0.999808 -0.017678 -0.000849 -0.008388
0.999806 -0.017718 -0.000874 -0.008569
0.999804 -0.017739 -0.000882 -0.008735
0.999802 -0.017750 -0.000878 -0.008916
0.999800 -0.017789 -0.000867 -0.009103
0.999799 -0.017779 -0.000897 -0.009276
0.999795 -0.017869 -0.000881 -0.009455
0.999792 -0.017933 -0.000897 -0.009638
0.999790 -0.017960 -0.000901 -0.009831
0.999788 -0.017969 -0.000926 -0.010012
0.999786 -0.017991 -0.000868 -0.010163
0.999784 -0.018016 -0.000880 -0.010333
0.999782 -0.018019 -0.000845 -0.010502
0.999779 -0.018055 -0.000842 -0.010697
0.999777 -0.018092 -0.000855 -0.010880
0.999775 -0.018088 -0.000841 -0.011068
0.999773 -0.018087 -0.000865 -0.011244
0.999771 -0.018081 -0.000848 -0.011426
0.999769 -0.018091 -0.000838 -0.011597
0.999766 -0.018107 -0.000820 -0.011782
0.999764 -0.018134 -0.000795 -0.011965
0.999761 -0.018186 -0.000811 -0.012133
0.999758 -0.018213 -0.000822 -0.012328
0.999755 -0.018230 -0.000830 -0.012502
0.999753 -0.018227 -0.000843 -0.012674
0.999750 -0.018254 -0.000890 -0.012842
0.999748 -0.018260 -0.000867 -0.013014
0.999746 -0.018268 -0.000874 -0.013193
0.999744 -0.018261 -0.000907 -0.013364
0.999740 -0.018294 -0.000963 -0.013545
0.999738 -0.018280 -0.000944 -0.013722
0.999736 -0.018262 -0.000916 -0.013907
0.999733 -0.018261 -0.000886 -0.014097
0.999732 -0.018245 -0.000911 -0.014247
0.999729 -0.018237 -0.000924 -0.014429
0.999727 -0.018224 -0.000931 -0.014592
0.999724 -0.018250 -0.000929 -0.014775
0.999721 -0.018272 -0.000952 -0.014964
0.999718 -0.018284 -0.000947 -0.015136
0.999715 -0.018280 -0.001002 -0.015325
0.999712 -0.018299 -0.001026 -0.015505
0.999709 -0.018281 -0.000991 -0.015701
0.999706 -0.018290 -0.000997 -0.015867
0.999704 -0.018277 -0.001018 -0.016043
0.999701 -0.018261 -0.001034 -0.016204
0.999699 -0.018274 -0.001036 -0.016362
0.999695 -0.018301 -0.001018 -0.016537
0.999693 -0.018269 -0.001048 -0.016727
0.999690 -0.018239 -0.001024 -0.016920
0.999687 -0.018248 -0.001012 -0.017090
0.999684 -0.018250 -0.001025 -0.017275
0.999680 -0.018268 -0.001015 -0.017457
0.999676 -0.018281 -0.001040 -0.017657
0.999673 -0.018289 -0.001024 -0.017839
0.999670 -0.018281 -0.001020 -0.018030
0.999667 -0.018252 -0.001044 -0.018211
0.999664 -0.018255 -0.001068 -0.018375
0.999661 -0.018230 -0.001063 -0.018544
0.999658 -0.018234 -0.001084 -0.018730
0.999654 -0.018242 -0.001112 -0.018928
0.999650 -0.018244 -0.001105 -0.019115
0.999647 -0.018247 -0.001107 -0.019300
0.999644 -0.018233 -0.001106 -0.019472
0.999640 -0.018244 -0.001124 -0.019651
0.999636 -0.018238 -0.001156 -0.019827
0.999633 -0.018244 -0.001210 -0.019995
0.999629 -0.018269 -0.001232 -0.020171
0.999626 -0.018266 -0.001243 -0.020317
0.999623 -0.018261 -0.001218 -0.020489
0.999619 -0.018264 -0.001232 -0.020681
0.999615 -0.018260 -0.001199 -0.020858
0.999612 -0.018220 -0.001207 -0.021040
0.999608 -0.018232 -0.001224 -0.021210
0.999604 -0.018264 -0.001240 -0.021378
0.999600 -0.018266 -0.001218 -0.021552
0.999596 -0.018257 -0.001225 -0.021736
0.999593 -0.018241 -0.001227 -0.021913
0.999588 -0.018278 -0.001232 -0.022079
0.999585 -0.018244 -0.001208 -0.022260
0.999580 -0.018258 -0.001227 -0.022453
0.999576 -0.018269 -0.001240 -0.022635
0.999572 -0.018289 -0.001230 -0.022822
0.999567 -0.018325 -0.001232 -0.022998
0.999562 -0.018356 -0.001230 -0.023188
0.999558 -0.018348 -0.001239 -0.023353
0.999554 -0.018365 -0.001240 -0.023533
0.999549 -0.018359 -0.001251 -0.023712
0.999544 -0.018413 -0.001290 -0.023908
0.999541 -0.018355 -0.001269 -0.024082
0.999537 -0.018339 -0.001263 -0.024262
0.999532 -0.018348 -0.001255 -0.024430
0.999528 -0.018345 -0.001247 -0.024616
0.999536 -0.017799 -0.000921 -0.024718
0.999555 -0.016634 -0.000290 -0.024746
0.999572 -0.015554 0.000312 -0.024766
0.999586 -0.014545 0.000868 -0.024790
0.999598 -0.013637 0.001333 -0.024824
0.999607 -0.012822 0.001793 -0.024860
0.999616 -0.011979 0.002228 -0.024883
0.999623 -0.011237 0.002653 -0.024892
0.999629 -0.010554 0.003032 -0.024921
0.999634 -0.009948 0.003386 -0.024931
0.999638 -0.009345 0.003703 -0.024946
0.999642 -0.008772 0.004016 -0.024967
0.999644 -0.008257 0.004318 -0.025006
0.999646 -0.007811 0.004594 -0.025012
0.999648 -0.007347 0.004766 -0.025026
0.999650 -0.006937 0.004989 -0.025042
0.999651 -0.006587 0.005206 -0.025061
0.999651 -0.006259 0.005370 -0.025090
0.999652 -0.005924 0.005544 -0.025117
0.999652 -0.005590 0.005705 -0.025129
0.999653 -0.005273 0.005832 -0.025150
0.999653 -0.005043 0.005974 -0.025160
0.999653 -0.004806 0.006139 -0.025167
0.999653 -0.004579 0.006270 -0.025184
0.999653 -0.004361 0.006338 -0.025207
0.999652 -0.004178 0.006446 -0.025224
0.999651 -0.003971 0.006589 -0.025258
0.999651 -0.003792 0.006670 -0.025272
0.999650 -0.003656 0.006753 -0.025297
0.999650 -0.003518 0.006863 -0.025320
0.999650 -0.003362 0.006921 -0.025315
0.999649 -0.003248 0.006974 -0.025348
0.999648 -0.003155 0.007063 -0.025367
0.999648 -0.003053 0.007128 -0.025363
0.999648 -0.002985 0.007176 -0.025371
0.999648 -0.002893 0.007237 -0.025374
0.999648 -0.002802 0.007242 -0.025383
0.999647 -0.002747 0.007280 -0.025407
0.999646 -0.002642 0.007315 -0.025434
0.999646 -0.002555 0.007372 -0.025442
0.999646 -0.002451 0.007419 -0.025445
0.999645 -0.002395 0.007471 -0.025459
0.999645 -0.002292 0.007480 -0.025454
0.999645 -0.002207 0.007469 -0.025478
0.999644 -0.002159 0.007495 -0.025497
0.999644 -0.002141 0.007533 -0.025513
0.999644 -0.002114 0.007582 -0.025510
0.999643 -0.002110 0.007602 -0.025513
0.999643 -0.002057 0.007616 -0.025529
0.999643 -0.002009 0.007640 -0.025534
0.999642 -0.002001 0.007667 -0.025545
0.999641 -0.001967 0.007724 -0.025579
0.999641 -0.001936 0.007695 -0.025576
0.999641 -0.001917 0.007656 -0.025589
0.999641 -0.001917 0.007685 -0.025589
0.999641 -0.001899 0.007721 -0.025597
0.999641 -0.001883 0.007703 -0.025600
0.999640 -0.001882 0.007702 -0.025621
0.999640 -0.001848 0.007719 -0.025645
0.999639 -0.001838 0.007770 -0.025661
0.999639 -0.001796 0.007766 -0.025671
0.999639 -0.001797 0.007742 -0.025679
0.999639 -0.001796 0.007743 -0.025682
0.999638 -0.001779 0.007736 -0.025692
0.999638 -0.001757 0.007726 -0.025705
0.999638 -0.001747 0.007760 -0.025713
0.999638 -0.001751 0.007763 -0.025697
0.999638 -0.001732 0.007774 -0.025712
0.999637 -0.001734 0.007761 -0.025739
0.999637 -0.001708 0.007768 -0.025744
0.999637 -0.001679 0.007784 -0.025754
0.999636 -0.001671 0.007804 -0.025770
0.999636 -0.001663 0.007802 -0.025783
0.999635 -0.001660 0.007776 -0.025812
0.999635 -0.001641 0.007771 -0.025820
0.999635 -0.001653 0.007771 -0.025841
0.999634 -0.001661 0.007800 -0.025848
0.999634 -0.001610 0.007776 -0.025847
0.999634 -0.001565 0.007797 -0.025856
0.999634 -0.001543 0.007810 -0.025869
0.999634 -0.001523 0.007821 -0.025856
0.999634 -0.001489 0.007866 -0.025840
0.999634 -0.001453 0.007895 -0.025835
0.999634 -0.001394 0.007888 -0.025828
0.999635 -0.001357 0.007891 -0.025817
0.999635 -0.001328 0.007885 -0.025812
0.999635 -0.001286 0.007896 -0.025807
0.999635 -0.001265 0.007898 -0.025794
0.999636 -0.001274 0.007883 -0.025773
0.999636 -0.001260 0.007894 -0.025755
0.999636 -0.001203 0.007880 -0.025760
0.999637 -0.001155 0.007883 -0.025753
0.999637 -0.001134 0.007890 -0.025737
0.999637 -0.001121 0.007875 -0.025739
0.999637 -0.001105 0.007852 -0.025740
0.999637 -0.001083 0.007859 -0.025734
0.999638 -0.001080 0.007824 -0.025729
0.999638 -0.001071 0.007801 -0.025724
0.999638 -0.001022 0.007861 -0.025719
0.999638 -0.001032 0.007875 -0.025708
0.999638 -0.001025 0.007857 -0.025709
0.999639 -0.001052 0.007856 -0.025690
0.999638 -0.001038 0.007890 -0.025690
0.999638 -0.001008 0.007920 -0.025682
0.999638 -0.001020 0.007966 -0.025674
0.999638 -0.001013 0.007947 -0.025693
0.999638 -0.000991 0.007906 -0.025686
0.999638 -0.000996 0.007927 -0.025680
0.999638 -0.000977 0.007924 -0.025678
0.999638 -0.000969 0.007908 -0.025683
0.999639 -0.000953 0.007893 -0.025673
0.999639 -0.000954 0.007869 -0.025679
0.999639 -0.000942 0.007846 -0.025684
0.999639 -0.000927 0.007839 -0.025684
0.999638 -0.000894 0.007846 -0.025700
0.999638 -0.000905 0.007871 -0.025705
0.999638 -0.000908 0.007881 -0.025714
0.999638 -0.000918 0.007888 -0.025708
0.999638 -0.000932 0.007902 -0.025706
0.999637 -0.000914 0.007928 -0.025717
0.999638 -0.000893 0.007907 -0.025706
0.999638 -0.000886 0.007888 -0.025693
0.999639 -0.000938 0.007879 -0.025682
0.999639 -0.000942 0.007860 -0.025677
0.999639 -0.000947 0.007880 -0.025663
0.999639 -0.000932 0.007868 -0.025674
0.999639 -0.000909 0.007881 -0.025677
0.999639 -0.000912 0.007892 -0.025682
0.999638 -0.000932 0.007900 -0.025685
0.999639 -0.000956 0.007903 -0.025672
0.999638 -0.000977 0.007933 -0.025680
0.999638 -0.000958 0.007933 -0.025677
0.999638 -0.000951 0.007938 -0.025680
0.999638 -0.000938 0.007925 -0.025685
0.999638 -0.000932 0.007916 -0.025680
0.999638 -0.000916 0.007902 -0.025685
0.999639 -0.000907 0.007869 -0.025680
0.999639 -0.000941 0.007879 -0.025675
0.999639 -0.000964 0.007871 -0.025669
0.999639 -0.000977 0.007902 -0.025672
0.999639 -0.000968 0.007908 -0.025672
0.999639 -0.000972 0.007895 -0.025675
0.999639 -0.000986 0.007911 -0.025672
0.999639 -0.001007 0.007897 -0.025678
0.999639 -0.001027 0.007889 -0.025659
0.999640 -0.001037 0.007881 -0.025646
0.999640 -0.001008 0.007885 -0.025633
0.999640 -0.000987 0.007893 -0.025622
0.999640 -0.001022 0.007951 -0.025625
0.999639 -0.001004 0.007950 -0.025634
0.999639 -0.000991 0.007928 -0.025639
0.999639 -0.000965 0.007963 -0.025644
0.999639 -0.000970 0.007970 -0.025634
0.999639 -0.000954 0.007940 -0.025631
0.999640 -0.000953 0.007876 -0.025634
0.999640 -0.000930 0.007901 -0.025618
0.999641 -0.000919 0.007865 -0.025612
0.999641 -0.000940 0.007867 -0.025607
0.999640 -0.000889 0.007924 -0.025607
0.999640 -0.000880 0.007925 -0.025607
0.999641 -0.000910 0.007893 -0.025604
0.999641 -0.000917 0.007888 -0.025601
0.999641 -0.000931 0.007861 -0.025612
0.999640 -0.000946 0.007849 -0.025630
0.999640 -0.000919 0.007871 -0.025630
0.999640 -0.000903 0.007878 -0.025635
0.999640 -0.000940 0.007880 -0.025625
0.999640 -0.000928 0.007903 -0.025627
0.999640 -0.000917 0.007931 -0.025630
0.999639 -0.000931 0.007959 -0.025641
0.999639 -0.000909 0.008003 -0.025633
0.999639 -0.000893 0.008001 -0.025628
0.999640 -0.000887 0.007947 -0.025627
0.999640 -0.000888 0.007946 -0.025622
0.999640 -0.000875 0.007968 -0.025619
0.999640 -0.000873 0.007960 -0.025621
0.999639 -0.000850 0.007995 -0.025637
0.999639 -0.000850 0.007990 -0.025642
0.999639 -0.000845 0.007979 -0.025639
0.999639 -0.000862 0.007965 -0.025639
0.999639 -0.000888 0.007963 -0.025641
0.999639 -0.000895 0.007974 -0.025651
0.999639 -0.000915 0.007978 -0.025646
0.999639 -0.000927 0.007985 -0.025646
0.999639 -0.000919 0.007986 -0.025643
0.999639 -0.000904 0.007957 -0.025659
0.999639 -0.000911 0.007964 -0.025653
0.999639 -0.000923 0.007962 -0.025658
0.999639 -0.000915 0.007955 -0.025661
0.999639 -0.000884 0.007947 -0.025666
0.999638 -0.000910 0.007970 -0.025666
0.999639 -0.000910 0.007944 -0.025647
0.999639 -0.000923 0.007939 -0.025644
0.999640 -0.000940 0.007921 -0.025630
0.999640 -0.000942 0.007940 -0.025628
0.999639 -0.000937 0.007971 -0.025622
0.999639 -0.000901 0.007971 -0.025630
0.999639 -0.000866 0.007982 -0.025643
0.999640 -0.000862 0.007951 -0.025630
0.999640 -0.000861 0.007920 -0.025630
0.999640 -0.000848 0.007970 -0.025622
0.999639 -0.000867 0.007958 -0.025632
0.999640 -0.000853 0.007958 -0.025624
0.999639 -0.000869 0.008008 -0.025626
0.999639 -0.000877 0.008024 -0.025629
0.999640 -0.000888 0.007987 -0.025615
0.999639 -0.000877 0.008008 -0.025615
0.999640 -0.000886 0.008007 -0.025610
0.999640 -0.000907 0.007962 -0.025604
0.999640 -0.000882 0.007947 -0.025606
0.999640 -0.000841 0.007933 -0.025609
0.999640 -0.000829 0.007934 -0.025601
0.999640 -0.000821 0.007941 -0.025608
0.999640 -0.000830 0.007942 -0.025624
0.999640 -0.000837 0.007922 -0.025637
0.999640 -0.000870 0.007950 -0.025621
0.999640 -0.000869 0.007963 -0.025610
0.999640 -0.000866 0.007955 -0.025607
0.999640 -0.000854 0.007962 -0.025607
0.999640 -0.000820 0.007969 -0.025606
0.999640 -0.000807 0.007938 -0.025601
0.999641 -0.000785 0.007949 -0.025593
0.999641 -0.000782 0.007938 -0.025582
0.999641 -0.000776 0.007923 -0.025592
0.999641 -0.000764 0.007906 -0.025584
0.999641 -0.000796 0.007929 -0.025578
0.999641 -0.000808 0.007958 -0.025565
0.999642 -0.000762 0.007941 -0.025554
0.999642 -0.000802 0.007924 -0.025562
0.999642 -0.000802 0.007925 -0.025559
0.999642 -0.000805 0.007912 -0.025556
0.999642 -0.000825 0.007872 -0.025566
0.999642 -0.000823 0.007890 -0.025572
0.999641 -0.000805 0.007885 -0.025585
0.999641 -0.000794 0.007884 -0.025585
0.999641 -0.000784 0.007865 -0.025595
0.999641 -0.000793 0.007874 -0.025588
0.999641 -0.000793 0.007894 -0.025585
0.999641 -0.000821 0.007899 -0.025571
0.999641 -0.000813 0.007937 -0.025566
0.999641 -0.000810 0.007903 -0.025569
0.999641 -0.000853 0.007889 -0.025576
0.999642 -0.000867 0.007904 -0.025563
0.999641 -0.000890 0.007938 -0.025569
0.999642 -0.000894 0.007918 -0.025558
0.999642 -0.000897 0.007921 -0.025550
0.999642 -0.000937 0.007913 -0.025552
0.999642 -0.000871 0.007929 -0.025545
0.999642 -0.000858 0.007908 -0.025529
0.999642 -0.000831 0.007877 -0.025542
0.999642 -0.000828 0.007887 -0.025555
0.999642 -0.000777 0.007896 -0.025555
0.999642 -0.000779 0.007909 -0.025560
0.999642 -0.000789 0.007878 -0.025555
0.999642 -0.000786 0.007876 -0.025550
0.999642 -0.000807 0.007908 -0.025544
0.999642 -0.000823 0.007909 -0.025533
0.999642 -0.000833 0.007910 -0.025528
0.999642 -0.000856 0.007966 -0.025523
0.999643 -0.000889 0.007953 -0.025507
0.999643 -0.000883 0.007983 -0.025490
0.999643 -0.000884 0.007979 -0.025490
0.999643 -0.000840 0.007982 -0.025493
0.999643 -0.000841 0.007961 -0.025501
0.999643 -0.000827 0.007963 -0.025496
0.999643 -0.000824 0.007951 -0.025491
0.999643 -0.000799 0.007980 -0.025480
0.999643 -0.000812 0.007984 -0.025470
0.999644 -0.000810 0.007948 -0.025475
0.999644 -0.000840 0.007913 -0.025451
0.999645 -0.000834 0.007932 -0.025430
0.999645 -0.000844 0.007912 -0.025430
0.999645 -0.000828 0.007899 -0.025438
0.999645 -0.000851 0.007888 -0.025435
0.999645 -0.000845 0.007897 -0.025438
0.999645 -0.000802 0.007899 -0.025430
0.999645 -0.000820 0.007918 -0.025417
0.999645 -0.000800 0.007923 -0.025406
0.999646 -0.000819 0.007882 -0.025385
0.999646 -0.000808 0.007936 -0.025377
0.999646 -0.000828 0.007941 -0.025377
0.999647 -0.000846 0.007913 -0.025358
0.999647 -0.000847 0.007922 -0.025334
0.999647 -0.000804 0.007928 -0.025332
0.999647 -0.000802 0.007932 -0.025327
0.999647 -0.000784 0.007963 -0.025319
0.999648 -0.000811 0.007971 -0.025311
0.999648 -0.000814 0.007937 -0.025303
0.999648 -0.000772 0.007930 -0.025303
0.999648 -0.000805 0.007958 -0.025308
0.999648 -0.000805 0.007925 -0.025300
0.999649 -0.000826 0.007866 -0.025297
0.999649 -0.000792 0.007868 -0.025294
0.999648 -0.000788 0.007881 -0.025308
0.999648 -0.000840 0.007914 -0.025297
0.999648 -0.000838 0.007908 -0.025297
0.999649 -0.000828 0.007883 -0.025297
0.999649 -0.000847 0.007892 -0.025289
0.999649 -0.000859 0.007888 -0.025276
0.999649 -0.000864 0.007900 -0.025265
0.999649 -0.000860 0.007890 -0.025265
0.999649 -0.000854 0.007896 -0.025273
0.999649 -0.000869 0.007915 -0.025284
0.999648 -0.000847 0.007939 -0.025313
0.999647 -0.000837 0.007963 -0.025319
0.999648 -0.000860 0.007950 -0.025305
0.999648 -0.000809 0.007934 -0.025293
0.999649 -0.000830 0.007930 -0.025284
0.999648 -0.000809 0.007932 -0.025286
0.999648 -0.000832 0.007916 -0.025295
0.999648 -0.000836 0.007952 -0.025291
0.999648 -0.000857 0.007979 -0.025293
0.999648 -0.000863 0.007969 -0.025292
0.999648 -0.000847 0.007970 -0.025296
0.999648 -0.000820 0.007960 -0.025293
0.999648 -0.000825 0.007965 -0.025278
0.999649 -0.000790 0.007952 -0.025277
0.999649 -0.000803 0.007927 -0.025282
0.999649 -0.000822 0.007949 -0.025272
0.999648 -0.000816 0.007924 -0.025290
0.999648 -0.000806 0.007907 -0.025302
0.999648 -0.000831 0.007941 -0.025307
0.999648 -0.000807 0.007965 -0.025306
0.999647 -0.000814 0.007957 -0.025318
0.999647 -0.000796 0.007936 -0.025327
0.999648 -0.000803 0.007940 -0.025316
0.999648 -0.000810 0.007955 -0.025315
0.999647 -0.000776 0.007967 -0.025316
0.999648 -0.000775 0.007975 -0.025310
0.999648 -0.000786 0.007973 -0.025301
0.999648 -0.000802 0.007972 -0.025310
0.999648 -0.000780 0.007939 -0.025299
0.999648 -0.000763 0.007912 -0.025295
0.999648 -0.000760 0.007899 -0.025307
0.999648 -0.000781 0.007913 -0.025303
0.999649 -0.000760 0.007903 -0.025295
0.999649 -0.000790 0.007882 -0.025283
0.999649 -0.000831 0.007930 -0.025271
0.999648 -0.000821 0.007968 -0.025286
0.999648 -0.000835 0.007974 -0.025298
0.999648 -0.000868 0.007976 -0.025286
0.999648 -0.000887 0.008009 -0.025286
0.999648 -0.000886 0.007993 -0.025282
0.999647 -0.000894 0.008024 -0.025300
0.999647 -0.000857 0.008004 -0.025299
0.999648 -0.000836 0.008001 -0.025298
0.999648 -0.000819 0.008015 -0.025283
0.999648 -0.000835 0.008018 -0.025274
0.999648 -0.000833 0.008011 -0.025270
0.999649 -0.000810 0.007978 -0.025264
0.999649 -0.000796 0.007967 -0.025255
0.999649 -0.000794 0.007980 -0.025257
0.999649 -0.000786 0.007940 -0.025259
0.999650 -0.000834 0.007932 -0.025241
0.999650 -0.000849 0.007940 -0.025240
0.999649 -0.000878 0.007965 -0.025234
0.999650 -0.000865 0.007903 -0.025228
0.999650 -0.000891 0.007890 -0.025218
0.999651 -0.000842 0.007866 -0.025218
0.999651 -0.000851 0.007885 -0.025217
0.999650 -0.000821 0.007911 -0.025216
0.999651 -0.000821 0.007872 -0.025204
0.999651 -0.000846 0.007864 -0.025208
0.999651 -0.000850 0.007914 -0.025199
0.999650 -0.000821 0.007918 -0.025214
0.999650 -0.000810 0.007908 -0.025221
0.999650 -0.000809 0.007921 -0.025218
0.999650 -0.000813 0.007931 -0.025225
0.999650 -0.000835 0.007926 -0.025216
0.999650 -0.000826 0.007900 -0.025214
0.999651 -0.000816 0.007908 -0.025211
0.999651 -0.000793 0.007944 -0.025183
0.999651 -0.000765 0.007932 -0.025174
0.999651 -0.000764 0.007924 -0.025173
0.999652 -0.000768 0.007925 -0.025167
0.999652 -0.000804 0.007928 -0.025160
0.999651 -0.000797 0.007950 -0.025178
0.999651 -0.000800 0.007954 -0.025166
0.999652 -0.000834 0.007961 -0.025155
0.999652 -0.000801 0.007978 -0.025127
0.999652 -0.000805 0.007970 -0.025115
0.999653 -0.000813 0.007944 -0.025114
0.999653 -0.000834 0.007962 -0.025105
0.999653 -0.000792 0.007955 -0.025109
0.999653 -0.000792 0.007959 -0.025117
0.999653 -0.000811 0.007939 -0.025119
0.999652 -0.000800 0.007944 -0.025156
0.999651 -0.000807 0.007977 -0.025153
0.999651 -0.000798 0.007988 -0.025150
0.999652 -0.000799 0.007944 -0.025144
0.999652 -0.000786 0.007953 -0.025136
0.999652 -0.000804 0.007954 -0.025135
0.999652 -0.000775 0.007954 -0.025148
0.999652 -0.000801 0.007933 -0.025161
0.999652 -0.000811 0.007932 -0.025153
0.999652 -0.000798 0.007926 -0.025155
0.999652 -0.000813 0.007930 -0.025152
0.999652 -0.000814 0.007932 -0.025155
0.999652 -0.000795 0.007952 -0.025157
0.999651 -0.000803 0.007989 -0.025152
0.999652 -0.000803 0.008007 -0.025133
0.999652 -0.000791 0.007998 -0.025127
0.999652 -0.000807 0.008021 -0.025124
0.999652 -0.000789 0.007994 -0.025126
0.999653 -0.000804 0.007964 -0.025107
0.999652 -0.000805 0.008005 -0.025107
0.999652 -0.000798 0.008007 -0.025106
0.999653 -0.000817 0.007963 -0.025106
0.999653 -0.000866 0.007941 -0.025100
0.999653 -0.000852 0.007922 -0.025099
0.999654 -0.000864 0.007916 -0.025083
0.999653 -0.000858 0.007939 -0.025088
0.999654 -0.000843 0.007938 -0.025072
0.999654 -0.000828 0.007941 -0.025066
0.999654 -0.000847 0.007963 -0.025071
0.999654 -0.000832 0.007965 -0.025068
0.999654 -0.000801 0.007955 -0.025071
0.999653 -0.000819 0.007974 -0.025078
0.999654 -0.000780 0.007970 -0.025073
0.999654 -0.000785 0.007983 -0.025069
0.999654 -0.000803 0.007976 -0.025072
0.999653 -0.000825 0.007978 -0.025076
0.999653 -0.000800 0.007973 -0.025076
0.999653 -0.000835 0.007996 -0.025083
0.999653 -0.000805 0.008007 -0.025099
0.999653 -0.000793 0.007993 -0.025085
0.999653 -0.000776 0.007982 -0.025103
0.999652 -0.000794 0.007953 -0.025129
0.999653 -0.000831 0.007940 -0.025121
0.999653 -0.000852 0.007957 -0.025113
0.999653 -0.000843 0.007939 -0.025101
0.999653 -0.000852 0.007957 -0.025098
0.999653 -0.000835 0.007951 -0.025109
0.999653 -0.000831 0.007930 -0.025114
0.999653 -0.000830 0.007962 -0.025081
0.999654 -0.000832 0.007977 -0.025065
0.999653 -0.000817 0.007998 -0.025073
0.999653 -0.000807 0.007997 -0.025086
0.999653 -0.000810 0.008002 -0.025083
0.999653 -0.000830 0.007967 -0.025079
0.999654 -0.000818 0.007973 -0.025071
0.999654 -0.000785 0.007960 -0.025077
0.999654 -0.000786 0.007962 -0.025068
0.999654 -0.000776 0.007962 -0.025060
0.999654 -0.000805 0.007962 -0.025054
0.999654 -0.000774 0.007983 -0.025059
0.999653 -0.000757 0.008020 -0.025062
0.999654 -0.000759 0.008015 -0.025059
0.999654 -0.000755 0.007998 -0.025053
0.999654 -0.000767 0.007980 -0.025042
0.999654 -0.000772 0.007989 -0.025052
0.999654 -0.000780 0.007986 -0.025054
0.999654 -0.000787 0.007968 -0.025043
0.999655 -0.000817 0.007959 -0.025027
0.999654 -0.000803 0.007990 -0.025032
0.999655 -0.000758 0.007996 -0.025024
0.999654 -0.000768 0.008004 -0.025031
0.999654 -0.000759 0.008001 -0.025039
0.999654 -0.000740 0.008025 -0.025033
0.999654 -0.000711 0.008049 -0.025027
0.999654 -0.000691 0.008038 -0.025016
0.999654 -0.000703 0.008034 -0.025024
0.999654 -0.000714 0.008030 -0.025030
0.999654 -0.000722 0.008069 -0.025027
0.999654 -0.000726 0.008094 -0.025033
0.999654 -0.000712 0.008082 -0.025017
0.999654 -0.000729 0.008094 -0.025012
0.999654 -0.000724 0.008095 -0.025015
0.999654 -0.000732 0.008072 -0.025017
0.999654 -0.000723 0.008062 -0.025031
0.999654 -0.000718 0.008025 -0.025034
0.999654 -0.000732 0.008009 -0.025029
0.999654 -0.000752 0.008019 -0.025042
0.999654 -0.000735 0.008005 -0.025048
0.999653 -0.000730 0.007998 -0.025069
0.999654 -0.000758 0.007988 -0.025061
0.999654 -0.000752 0.007985 -0.025070
0.999654 -0.000766 0.007964 -0.025075
0.999653 -0.000738 0.007989 -0.025086
0.999654 -0.000730 0.007970 -0.025070
0.999654 -0.000742 0.007962 -0.025073
0.999653 -0.000759 0.007983 -0.025081
0.999653 -0.000749 0.008005 -0.025082
0.999654 -0.000742 0.008009 -0.025061
0.999654 -0.000753 0.007985 -0.025064
0.999654 -0.000787 0.007983 -0.025058
0.999653 -0.000789 0.008006 -0.025067
0.999653 -0.000825 0.008011 -0.025062
0.999653 -0.000838 0.008019 -0.025078
0.999653 -0.000880 0.008006 -0.025080
0.999653 -0.000900 0.007987 -0.025088
0.999653 -0.000893 0.007976 -0.025089
0.999653 -0.000877 0.007991 -0.025097
0.999653 -0.000874 0.008013 -0.025084
0.999652 -0.000877 0.008021 -0.025098
0.999652 -0.000883 0.008000 -0.025117
0.999652 -0.000864 0.008012 -0.025119
0.999652 -0.000868 0.007985 -0.025125
0.999652 -0.000862 0.008004 -0.025128
0.999652 -0.000870 0.008017 -0.025133
0.999652 -0.000895 0.008034 -0.025120
0.999651 -0.000910 0.008051 -0.025129
0.999651 -0.000919 0.008057 -0.025129
0.999651 -0.000894 0.008094 -0.025121
0.999651 -0.000874 0.008104 -0.025111
0.999651 -0.000884 0.008093 -0.025111
0.999651 -0.000890 0.008075 -0.025117
0.999651 -0.000907 0.008074 -0.025135
0.999651 -0.000939 0.008098 -0.025119
0.999651 -0.000930 0.008095 -0.025128
0.999651 -0.000937 0.008089 -0.025139
0.999650 -0.000904 0.008097 -0.025161
0.999651 -0.000865 0.008078 -0.025155
0.999651 -0.000910 0.008049 -0.025142
0.999651 -0.000916 0.008069 -0.025145
0.999651 -0.000911 0.008089 -0.025143
0.999651 -0.000899 0.008109 -0.025138
0.999651 -0.000900 0.008096 -0.025138
0.999651 -0.000892 0.008100 -0.025130
0.999651 -0.000886 0.008082 -0.025125
0.999652 -0.000912 0.008041 -0.025115
0.999652 -0.000904 0.008061 -0.025115
0.999652 -0.000902 0.008032 -0.025129
0.999652 -0.000917 0.007977 -0.025137
0.999652 -0.000897 0.007947 -0.025129
0.999653 -0.000900 0.007955 -0.025113
0.999653 -0.000899 0.007953 -0.025103
0.999653 -0.000892 0.007941 -0.025103
0.999653 -0.000873 0.007967 -0.025095
0.999653 -0.000870 0.007955 -0.025085
0.999654 -0.000869 0.007950 -0.025071
0.999654 -0.000879 0.007927 -0.025069
0.999654 -0.000863 0.007934 -0.025078
0.999653 -0.000835 0.007959 -0.025086
0.999654 -0.000823 0.007931 -0.025076
0.999653 -0.000835 0.007922 -0.025092
0.999653 -0.000809 0.007936 -0.025087
0.999654 -0.000793 0.007922 -0.025068
0.999654 -0.000801 0.007907 -0.025070
0.999654 -0.000791 0.007906 -0.025065
0.999654 -0.000774 0.007961 -0.025066
0.999654 -0.000805 0.007935 -0.025051
0.999655 -0.000839 0.007916 -0.025048
0.999654 -0.000815 0.007912 -0.025057
0.999655 -0.000833 0.007896 -0.025042
0.999655 -0.000829 0.007912 -0.025037
0.999655 -0.000832 0.007919 -0.025037
0.999655 -0.000821 0.007919 -0.025049
0.999655 -0.000822 0.007922 -0.025041
0.999654 -0.000819 0.007946 -0.025047
0.999654 -0.000824 0.007946 -0.025047
0.999654 -0.000815 0.007965 -0.025040
0.999654 -0.000808 0.007970 -0.025045
0.999654 -0.000808 0.007977 -0.025062
0.999654 -0.000810 0.007926 -0.025063
0.999654 -0.000826 0.007952 -0.025044
0.999654 -0.000834 0.007982 -0.025037
0.999654 -0.000847 0.007954 -0.025048
0.999655 -0.000838 0.007962 -0.025032
0.999655 -0.000839 0.007979 -0.025022
0.999655 -0.000842 0.007957 -0.025028
0.999655 -0.000838 0.007963 -0.025016
0.999655 -0.000812 0.007952 -0.025016
0.999655 -0.000836 0.007950 -0.025022
0.999655 -0.000842 0.007970 -0.025009
0.999655 -0.000850 0.007943 -0.025010
0.999656 -0.000850 0.007934 -0.024994
0.999656 -0.000853 0.007936 -0.024990
0.999656 -0.000815 0.007900 -0.025009
0.999656 -0.000825 0.007922 -0.024999
0.999656 -0.000818 0.007903 -0.025007
0.999656 -0.000843 0.007890 -0.024995
0.999656 -0.000853 0.007879 -0.024992
0.999656 -0.000869 0.007858 -0.024990
0.999657 -0.000851 0.007900 -0.024970
0.999657 -0.000870 0.007923 -0.024960
0.999657 -0.000846 0.007917 -0.024953
0.999657 -0.000845 0.007909 -0.024953
0.999658 -0.000857 0.007852 -0.024946
0.999658 -0.000843 0.007863 -0.024928
0.999657 -0.000865 0.007886 -0.024942
0.999658 -0.000837 0.007850 -0.024935
0.999658 -0.000826 0.007843 -0.024946
0.999658 -0.000818 0.007866 -0.024931
0.999658 -0.000810 0.007881 -0.024926
0.999658 -0.000789 0.007899 -0.024908
0.999659 -0.000826 0.007878 -0.024901
0.999658 -0.000799 0.007895 -0.024912
0.999658 -0.000787 0.007900 -0.024899
0.999659 -0.000811 0.007882 -0.024891
0.999659 -0.000832 0.007879 -0.024900
0.999659 -0.000827 0.007875 -0.024898
0.999659 -0.000834 0.007869 -0.024890
0.999659 -0.000809 0.007854 -0.024875
0.999659 -0.000793 0.007844 -0.024878
0.999659 -0.000783 0.007877 -0.024868
0.999659 -0.000779 0.007887 -0.024882
0.999659 -0.000818 0.007883 -0.024869
0.999660 -0.000828 0.007880 -0.024853
0.999659 -0.000829 0.007877 -0.024867
0.999660 -0.000834 0.007871 -0.024849
0.999660 -0.000820 0.007885 -0.024847
0.999661 -0.000807 0.007859 -0.024826
0.999661 -0.000784 0.007847 -0.024827
0.999661 -0.000785 0.007823 -0.024819
0.999661 -0.000787 0.007859 -0.024809
0.999661 -0.000791 0.007846 -0.024807
0.999661 -0.000802 0.007858 -0.024813
0.999660 -0.000812 0.007899 -0.024816
0.999661 -0.000811 0.007879 -0.024816
0.999661 -0.000786 0.007845 -0.024806
0.999661 -0.000787 0.007870 -0.024802
0.999661 -0.000781 0.007858 -0.024803
0.999661 -0.000772 0.007863 -0.024811
0.999661 -0.000773 0.007845 -0.024812
0.999661 -0.000767 0.007838 -0.024818
0.999661 -0.000819 0.007879 -0.024819
0.999661 -0.000822 0.007883 -0.024820
0.999660 -0.000814 0.007903 -0.024839
0.999659 -0.000833 0.007913 -0.024851
0.999659 -0.000853 0.007893 -0.024857
0.999659 -0.000867 0.007906 -0.024853
0.999660 -0.000895 0.007912 -0.024849
0.999659 -0.000903 0.007912 -0.024852
0.999660 -0.000865 0.007879 -0.024854
0.999660 -0.000880 0.007854 -0.024852
0.999660 -0.000894 0.007891 -0.024837
0.999660 -0.000889 0.007921 -0.024827
0.999660 -0.000871 0.007923 -0.024807
0.999661 -0.000860 0.007900 -0.024811
0.999661 -0.000866 0.007900 -0.024810
0.999660 -0.000850 0.007939 -0.024803
0.999661 -0.000851 0.007941 -0.024788
0.999661 -0.000842 0.007939 -0.024781
0.999661 -0.000842 0.007894 -0.024779
0.999661 -0.000848 0.007897 -0.024777
0.999662 -0.000837 0.007929 -0.024752
0.999662 -0.000849 0.007918 -0.024747
0.999662 -0.000846 0.007908 -0.024740
0.999663 -0.000855 0.007878 -0.024722
0.999663 -0.000840 0.007938 -0.024718
0.999662 -0.000841 0.007969 -0.024716
0.999663 -0.000816 0.007958 -0.024701
0.999663 -0.000831 0.007992 -0.024687
0.999663 -0.000854 0.008000 -0.024698
0.999663 -0.000848 0.008021 -0.024694
0.999663 -0.000859 0.008010 -0.024695
0.999663 -0.000884 0.008033 -0.024682
0.999663 -0.000900 0.008057 -0.024678
0.999663 -0.000898 0.008042 -0.024673
0.999663 -0.000909 0.008046 -0.024674
0.999663 -0.000878 0.008017 -0.024684
0.999663 -0.000882 0.007995 -0.024674
0.999663 -0.000902 0.008017 -0.024670
0.999663 -0.000916 0.008009 -0.024665
0.999663 -0.000892 0.008040 -0.024653
0.999664 -0.000877 0.008032 -0.024633
0.999664 -0.000865 0.008014 -0.024650
0.999664 -0.000875 0.008016 -0.024643
0.999664 -0.000869 0.008006 -0.024642
0.999664 -0.000876 0.007997 -0.024651
0.999664 -0.000904 0.007996 -0.024638
0.999664 -0.000897 0.008025 -0.024620
0.999664 -0.000842 0.008001 -0.024622
0.999665 -0.000853 0.007989 -0.024615
0.999665 -0.000851 0.007971 -0.024600
0.999665 -0.000878 0.008004 -0.024614
0.999665 -0.000853 0.007993 -0.024610
0.999665 -0.000882 0.008013 -0.024611
0.999664 -0.000892 0.008039 -0.024623
0.999665 -0.000925 0.008013 -0.024610
0.999665 -0.000930 0.008027 -0.024606
0.999664 -0.000927 0.008019 -0.024612
0.999665 -0.000925 0.008000 -0.024606
0.999665 -0.000903 0.008018 -0.024593
0.999665 -0.000939 0.008029 -0.024591
0.999665 -0.000958 0.008051 -0.024582
0.999665 -0.000944 0.008067 -0.024588
0.999665 -0.000934 0.008072 -0.024579
0.999665 -0.000941 0.008054 -0.024578
0.999665 -0.000921 0.008046 -0.024576
0.999664 -0.000944 0.008071 -0.024595
0.999665 -0.000919 0.008043 -0.024591
0.999665 -0.000888 0.008023 -0.024598
0.999665 -0.000872 0.008018 -0.024599
0.999665 -0.000868 0.008017 -0.024584
0.999665 -0.000872 0.008033 -0.024585
0.999665 -0.000831 0.008017 -0.024594
0.999666 -0.000840 0.007995 -0.024569
0.999666 -0.000871 0.007971 -0.024554
0.999666 -0.000892 0.007965 -0.024552
0.999667 -0.000901 0.007942 -0.024545
0.999667 -0.000929 0.007908 -0.024545
0.999667 -0.000955 0.007883 -0.024542
0.999667 -0.000927 0.007864 -0.024569
0.999667 -0.000932 0.007834 -0.024569
0.999667 -0.000896 0.007846 -0.024579
0.999666 -0.000901 0.007897 -0.024579
0.999666 -0.000896 0.007897 -0.024582
0.999667 -0.000910 0.007894 -0.024565
0.999667 -0.000889 0.007894 -0.024560
0.999667 -0.000898 0.007870 -0.024554
0.999667 -0.000884 0.007898 -0.024563
0.999666 -0.000859 0.007908 -0.024578
0.999666 -0.000875 0.007937 -0.024565
0.999666 -0.000874 0.007954 -0.024559
0.999667 -0.000844 0.007954 -0.024552
0.999667 -0.000841 0.007941 -0.024557
0.999667 -0.000819 0.007908 -0.024567
0.999667 -0.000839 0.007921 -0.024565
0.999666 -0.000811 0.007921 -0.024573
0.999667 -0.000808 0.007901 -0.024567
0.999667 -0.000831 0.007932 -0.024562
0.999667 -0.000852 0.007915 -0.024553
0.999667 -0.000856 0.007916 -0.024548
0.999667 -0.000830 0.007894 -0.024548
0.999667 -0.000834 0.007910 -0.024561
0.999667 -0.000822 0.007919 -0.024556
0.999667 -0.000825 0.007921 -0.024553
0.999667 -0.000799 0.007934 -0.024550
0.999667 -0.000810 0.007943 -0.024547
0.999667 -0.000802 0.007938 -0.024539
0.999667 -0.000793 0.007930 -0.024550
0.999667 -0.000820 0.007954 -0.024544
0.999667 -0.000830 0.007952 -0.024533
0.999667 -0.000804 0.007952 -0.024530
0.999667 -0.000788 0.007939 -0.024538
0.999667 -0.000806 0.007974 -0.024530
0.999667 -0.000786 0.007958 -0.024524
0.999668 -0.000787 0.007930 -0.024516
0.999668 -0.000786 0.007950 -0.024508
0.999668 -0.000783 0.007955 -0.024513
0.999668 -0.000786 0.007938 -0.024489
0.999668 -0.000788 0.007933 -0.024489
0.999668 -0.000777 0.007950 -0.024486
0.999668 -0.000782 0.007948 -0.024488
0.999668 -0.000776 0.007957 -0.024488
0.999668 -0.000747 0.007955 -0.024493
0.999668 -0.000777 0.007940 -0.024496
0.999668 -0.000785 0.007931 -0.024501
0.999668 -0.000793 0.007927 -0.024506
0.999668 -0.000784 0.007930 -0.024503
0.999668 -0.000793 0.007922 -0.024513
0.999668 -0.000786 0.007933 -0.024502
0.999668 -0.000748 0.007923 -0.024521
0.999668 -0.000747 0.007921 -0.024518
0.999668 -0.000774 0.007904 -0.024518
0.999667 -0.000775 0.007926 -0.024539
0.999667 -0.000782 0.007929 -0.024528
0.999667 -0.000771 0.007952 -0.024525
0.999667 -0.000769 0.007975 -0.024520
0.999667 -0.000772 0.007965 -0.024520
0.999668 -0.000741 0.007952 -0.024514
0.999668 -0.000734 0.007947 -0.024506
0.999668 -0.000731 0.007934 -0.024506
0.999668 -0.000767 0.007915 -0.024500
0.999669 -0.000749 0.007914 -0.024487
0.999669 -0.000746 0.007898 -0.024490
0.999668 -0.000734 0.007909 -0.024516
0.999668 -0.000738 0.007871 -0.024519
0.999668 -0.000757 0.007873 -0.024519
0.999668 -0.000758 0.007849 -0.024521
0.999668 -0.000793 0.007864 -0.024510
0.999668 -0.000794 0.007869 -0.024510
0.999668 -0.000796 0.007867 -0.024510
0.999668 -0.000820 0.007845 -0.024513
0.999668 -0.000811 0.007886 -0.024510
0.999668 -0.000849 0.007913 -0.024518
0.999668 -0.000828 0.007909 -0.024523
0.999667 -0.000816 0.007919 -0.024535
0.999667 -0.000804 0.007917 -0.024527
0.999668 -0.000781 0.007908 -0.024520
0.999667 -0.000792 0.007944 -0.024536
0.999667 -0.000815 0.007918 -0.024529
0.999668 -0.000815 0.007933 -0.024516
0.999668 -0.000854 0.007946 -0.024508
0.999668 -0.000875 0.007923 -0.024514
0.999668 -0.000904 0.007921 -0.024514
0.999668 -0.000893 0.007922 -0.024512
0.999669 -0.000895 0.007903 -0.024480
0.999669 -0.000910 0.007934 -0.024470
0.999669 -0.000900 0.007919 -0.024471
0.999669 -0.000915 0.007884 -0.024463
0.999669 -0.000901 0.007877 -0.024461
0.999670 -0.000892 0.007862 -0.024451
0.999670 -0.000872 0.007848 -0.024446
0.999670 -0.000901 0.007864 -0.024442
0.999671 -0.000880 0.007831 -0.024421
0.999671 -0.000903 0.007822 -0.024424
0.999671 -0.000917 0.007829 -0.024416
0.999671 -0.000934 0.007841 -0.024393
0.999671 -0.000912 0.007872 -0.024391
0.999671 -0.000891 0.007872 -0.024386
0.999671 -0.000908 0.007894 -0.024379
0.999671 -0.000860 0.007919 -0.024385
0.999671 -0.000853 0.007929 -0.024386
0.999671 -0.000847 0.007924 -0.024386
0.999671 -0.000825 0.007947 -0.024379
0.999671 -0.000823 0.007932 -0.024372
0.999671 -0.000844 0.007941 -0.024361
0.999672 -0.000826 0.007933 -0.024351
0.999672 -0.000832 0.007935 -0.024341
0.999672 -0.000823 0.007941 -0.024334
0.999672 -0.000833 0.007955 -0.024334
0.999672 -0.000835 0.007939 -0.024319
0.999672 -0.000865 0.007956 -0.024314
0.999673 -0.000848 0.007888 -0.024293
0.999674 -0.000833 0.007872 -0.024280
0.999673 -0.000849 0.007901 -0.024289
0.999674 -0.000830 0.007876 -0.024292
0.999674 -0.000804 0.007883 -0.024284
0.999673 -0.000821 0.007911 -0.024290
0.999674 -0.000830 0.007888 -0.024280
0.999674 -0.000814 0.007907 -0.024280
0.999673 -0.000822 0.007923 -0.024286
0.999674 -0.000819 0.007866 -0.024295
0.999674 -0.000817 0.007876 -0.024279
0.999674 -0.000827 0.007907 -0.024263
0.999674 -0.000818 0.007882 -0.024259
0.999674 -0.000825 0.007949 -0.024251
0.999674 -0.000819 0.007928 -0.024238
0.999674 -0.000841 0.007916 -0.024252
0.999674 -0.000853 0.007905 -0.024273
0.999673 -0.000819 0.007912 -0.024285
0.999673 -0.000830 0.007907 -0.024288
0.999674 -0.000804 0.007929 -0.024267
0.999673 -0.000802 0.007991 -0.024283
0.999674 -0.000787 0.007957 -0.024263
0.999674 -0.000780 0.007961 -0.024261
0.999674 -0.000765 0.007946 -0.024266
0.999674 -0.000771 0.007964 -0.024262
0.999674 -0.000800 0.007959 -0.024236
0.999674 -0.000783 0.007967 -0.024236
0.999674 -0.000760 0.007979 -0.024234
0.999674 -0.000761 0.007961 -0.024232
0.999674 -0.000781 0.007961 -0.024238
0.999674 -0.000800 0.007956 -0.024238
0.999674 -0.000802 0.007974 -0.024230
0.999675 -0.000776 0.007951 -0.024223
0.999675 -0.000788 0.007923 -0.024234
0.999674 -0.000802 0.007907 -0.024243
0.999675 -0.000804 0.007897 -0.024243
0.999675 -0.000802 0.007894 -0.024217
0.999676 -0.000831 0.007892 -0.024196
0.999676 -0.000832 0.007876 -0.024199
0.999676 -0.000848 0.007901 -0.024182
0.999676 -0.000855 0.007868 -0.024200
0.999676 -0.000869 0.007864 -0.024187
0.999676 -0.000857 0.007869 -0.024188
0.999676 -0.000851 0.007902 -0.024183
0.999676 -0.000877 0.007898 -0.024169
0.999677 -0.000891 0.007906 -0.024148
0.999677 -0.000898 0.007920 -0.024151
0.999676 -0.000907 0.007929 -0.024159
0.999676 -0.000861 0.007925 -0.024162
0.999676 -0.000842 0.007902 -0.024162
0.999676 -0.000818 0.007956 -0.024170
0.999676 -0.000807 0.007956 -0.024178
0.999676 -0.000800 0.007915 -0.024181
0.999676 -0.000800 0.007936 -0.024192
