1.0 0.0 0.0 0.0
0.9238795325112867 0.3826834323650897 0.0 0.0
0.7071067811865475 0.7071067811865475 0.0 0.0
0.9238795325112867 0.3826834323650897 0.0 0.0
1.0 0.0 0.0 0.0
0.9238795325112867 0.0 0.3826834323650897 0.0
0.7071067811865475 0.0 0.7071067811865475 0.0
0.9238795325112867 0.0 0.3826834323650897 0.0
1.0 0.0 0.0 0.0
0.9238795325112867 0.0 0.0 0.3826834323650897
0.7071067811865475 0.0 0.0 0.7071067811865475
0.9238795325112867 0.0 0.0 0.3826834323650897
1.0 0.0 0.0 0.0
0.9238795325112867 0.27059805007309845 0.27059805007309845 0.0
0.7071067811865476 0.49999999999999994 0.49999999999999994 0.0
0.9238795325112867 0.27059805007309845 0.27059805007309845 0.0
1.0 0.0 0.0 0.0